0.168067    -35.4409    -40.3256    11.6678
0.336134    -35.4409    -40.3256    11.6678
0.504202    -35.4409    -40.3256    11.6678
0.672269    -35.4409    -40.3256    11.6678
0.840336    -35.4409    -40.3256    11.6678
1.0084    -35.4409    -40.3256    11.6678
1.17647    -35.4409    -40.3256    11.6678
1.34454    -35.4409    -40.3256    11.6678
1.51261    -35.4409    -40.3256    11.6678
1.68067    -35.4409    -40.3256    11.6678
1.84874    -35.4409    -40.3256    11.6678
1.86555    -35.1712    -40.5476    10.88
1.89916    -36.2698    -40.3302    11.1277
1.94958    -35.848    -40.1996    10.5189
2.01681    -35.848    -40.1996    10.5189
2.10084    -34.9748    -40.2727    11.3322
2.20168    -36.2985    -39.6246    10.8253
2.31933    -36.2985    -39.6246    10.8253
2.45378    -36.3596    -40.1581    10.4812
2.60504    -36.4911    -40.4504    10.7568
2.77311    -36.4911    -40.4504    10.7568
2.94118    -36.4911    -40.4504    10.7568
3.10924    -36.4911    -40.4504    10.7568
3.12605    -35.8881    -40.5588    10.6267
3.15966    -35.8554    -39.9655    10.8549
3.21008    -35.8554    -39.9655    10.8549
3.27731    -36.3792    -39.2592    11.6127
3.36135    -35.7781    -39.4863    10.5028
3.46219    -35.7781    -39.4863    10.5028
3.57983    -36.8825    -40.0916    10.5851
3.71429    -36.4247    -40.0328    10.5911
3.86555    -36.4247    -40.0328    10.5911
4.03361    -35.7662    -39.3904    9.4895
4.20168    -35.7662    -39.3904    9.4895
4.21849    -36.729    -39.8847    10.8959
4.2521    -36.729    -39.8847    10.8959
4.30252    -36.2767    -39.2433    10.3892
4.36975    -36.0222    -39.7497    11.3312
4.45378    -36.0222    -39.7497    11.3312
4.55462    -35.6487    -40.1516    10.3358
4.67227    -35.5503    -39.8783    9.66144
4.80672    -35.5503    -39.8783    9.66144
4.95798    -35.7199    -39.1632    10.7095
5.12605    -36.346    -39.9217    11.3159
5.29412    -36.346    -39.9217    11.3159
5.46219    -36.346    -39.9217    11.3159
5.47899    -36.346    -39.9217    11.3159
5.51261    -36.5834    -39.8443    11.6093
5.56303    -35.107    -39.8681    10.4943
5.63025    -35.107    -39.8681    10.4943
5.71429    -36.0783    -39.359    11.0788
5.81513    -37.2746    -39.1146    10.1991
5.93278    -37.2746    -39.1146    10.1991
6.06723    -36.1926    -40.0801    9.05788
6.21849    -36.177    -40.6789    10.2404
6.38656    -36.177    -40.6789    10.2404
6.55463    -36.177    -40.6789    10.2404
6.72269    -36.177    -40.6789    10.2404
6.7395    -36.2769    -40.7206    12.5327
6.77311    -36.2769    -40.7206    12.5327
6.82353    -36.1278    -39.1796    11.3157
6.89076    -34.8224    -40.4943    11.6818
6.97479    -34.8224    -40.4943    11.6818
7.07563    -35.6584    -40.6024    10.7026
7.19328    -34.8964    -39.7377    9.26978
7.32773    -34.8964    -39.7377    9.26978
7.479    -36.3215    -39.9895    11.1756
7.64706    -35.5198    -39.6616    10.7248
7.81513    -35.5198    -39.6616    10.7248
7.83194    -35.5198    -39.6616    10.7248
7.86555    -35.0703    -40.2781    10.3624
7.91597    -35.1894    -39.6863    9.44897
7.9832    -35.1894    -39.6863    9.44897
8.06723    -35.1479    -40.1186    11.4112
8.16807    -35.5034    -39.9961    11.0037
8.28572    -35.5034    -39.9961    11.0037
8.42017    -35.9317    -40.891    11.3888
8.57143    -35.658    -39.9072    9.66041
8.7395    -35.658    -39.9072    9.66041
8.90757    -35.658    -39.9072    9.66041
9.07563    -35.658    -39.9072    9.66041
9.09244    -36.0477    -40.7703    9.91716
9.12605    -36.5894    -40.4086    11.3666
9.17647    -36.5894    -40.4086    11.3666
9.2437    -36.6273    -39.7745    12.2478
9.32773    -35.1144    -39.2971    11.6339
9.42858    -35.1144    -39.2971    11.6339
9.54622    -35.5426    -40.0772    11.9877
9.68068    -35.9935    -39.6161    10.5309
9.83194    -35.9935    -39.6161    10.5309
10    -35.534    -40.4207    10.8711
10.1681    -35.534    -40.4207    10.8711
10.3361    -35.534    -40.4207    10.8711
10.3529    -36.5467    -40.7634    10.7207
10.3866    -36.5467    -40.7634    10.7207
10.437    -35.9159    -39.9982    12.1934
10.5042    -35.3794    -40.409    10.4176
10.5882    -35.3794    -40.409    10.4176
10.6891    -35.4016    -40.1012    10.6519
10.8067    -36.5362    -39.5753    11.1051
10.9412    -36.5362    -39.5753    11.1051
11.0924    -36.2969    -39.7992    10.972
11.2605    -35.8134    -40.5274    11.1113
11.4286    -35.8134    -40.5274    11.1113
11.4454    -35.8134    -40.5274    11.1113
11.479    -35.2668    -40.4379    9.86469
11.5294    -35.8372    -39.1268    10.9488
11.5966    -35.8372    -39.1268    10.9488
11.6807    -35.3069    -39.9151    10.6347
11.7815    -36.4383    -40.0613    10.5915
11.8992    -36.4383    -40.0613    10.5915
12.0336    -35.9781    -39.9062    12.5035
12.1849    -35.5337    -39.8261    11.6257
12.3529    -35.5337    -39.8261    11.6257
12.521    -35.5337    -39.8261    11.6257
12.6891    -35.5337    -39.8261    11.6257
12.7059    -36.2755    -39.8764    10.6324
12.7395    -35.6759    -38.8317    9.97586
12.7899    -35.6759    -38.8317    9.97586
12.8571    -36.0253    -40.003    11.1949
12.9412    -36.3382    -40.0631    10.0947
13.042    -36.3382    -40.0631    10.0947
13.1597    -35.6439    -39.5282    10.4917
13.2941    -36.1967    -40.7335    10.7256
13.4454    -36.1967    -40.7335    10.7256
13.6134    -36.121    -40.5531    10.3522
13.7815    -36.121    -40.5531    10.3522
13.9496    -36.121    -40.5531    10.3522
13.9664    -35.8049    -41.796    11.1137
14    -35.8049    -41.796    11.1137
14.0504    -35.4121    -41.0957    11.103
14.1176    -35.1492    -40.5254    12.3182
14.2017    -35.1492    -40.5254    12.3182
14.3025    -36.0772    -40.6804    11.4953
14.4202    -35.3289    -41.8453    11.4643
14.5546    -35.3289    -41.8453    11.4643
14.7059    -34.4288    -42.8077    12.5132
14.874    -33.3312    -43.0238    13.9745
15.042    -33.3312    -43.0238    13.9745
15.2101    -33.8396    -40.7711    12.687
15.2269    -33.3312    -43.0238    13.9745
15.2605    -33.1847    -41.8231    14.4462
15.3109    -34.4858    -41.3255    13.6869
15.3782    -34.4858    -41.3255    13.6869
15.4622    -34.887    -41.4673    13.0003
15.563    -34.1858    -41.553    13.1276
15.6807    -34.1858    -41.553    13.1276
15.8151    -34.6398    -41.0294    11.4414
15.9664    -33.8396    -40.7711    12.687
16.1345    -33.8396    -40.7711    12.687
16.3025    -33.8396    -40.7711    12.687
16.3193    -34.8627    -41.5063    14.6109
16.3529    -34.8627    -41.5063    14.6109
16.4034    -35.7072    -39.3557    11.5973
16.4706    -36.567    -39.1817    8.97313
16.5546    -36.567    -39.1817    8.97313
16.6555    -36.2435    -37.933    6.91157
16.7731    -35.3365    -38.0957    5.54867
16.9076    -35.3365    -38.0957    5.54867
17.0588    -35.2412    -39.2085    3.25583
17.2269    -35.5024    -36.4392    1.2762
17.395    -35.5024    -36.4392    1.2762
17.4118    -35.5024    -36.4392    1.2762
17.4454    -34.689    -34.4943    -2.37515
17.4958    -34.0741    -30.4547    -1.92197
17.563    -34.0741    -30.4547    -1.92197
17.6471    -31.9796    -27.8572    -1.11102
17.7479    -29.2499    -22.379    4.45391
17.8656    -29.2499    -22.379    4.45391
18    -28.3797    -16.8819    5.38857
18.1513    -26.316    -12.7579    7.31559
18.3193    -26.316    -12.7579    7.31559
18.4874    -26.316    -12.7579    7.31559
18.6555    -26.316    -12.7579    7.31559
18.6723    -25.984    -9.11379    10.5081
18.7059    -23.4503    -5.30173    10.6843
18.7563    -23.4503    -5.30173    10.6843
18.8235    -20.8792    -2.01595    14.3488
18.9076    -20.8452    3.38014    16.9529
19.0084    -20.8452    3.38014    16.9529
19.1261    -19.6573    6.76389    18.1005
19.2605    -18.7937    10.2343    20.9071
19.4118    -18.7937    10.2343    20.9071
19.5798    -16.0299    12.9907    22.3373
19.7479    -16.0299    12.9907    22.3373
19.916    -16.0299    12.9907    22.3373
19.9328    -15.0346    15.7204    25.1497
19.9664    -15.0346    15.7204    25.1497
20.0168    -14.4552    17.5646    25.6127
20.084    -13.7019    18.1128    27.2351
20.1681    -13.7019    18.1128    27.2351
20.2689    -13.9766    18.2782    28.5938
20.3866    -11.8932    18.7059    30.1265
20.521    -11.8932    18.7059    30.1265
20.6723    -10.2396    19.4825    28.9522
20.8404    -10.8287    19.8051    30.829
21.0084    -10.8287    19.8051    30.829
21.1765    -10.8287    19.8051    30.829
21.1933    -10.8287    19.8051    30.829
21.2269    -10.0521    19.384    30.6951
21.2773    -10.4038    18.3669    32.6081
21.3446    -10.4038    18.3669    32.6081
21.4286    -9.13804    18.3419    32.686
21.5294    -8.59073    18.1719    31.5596
21.6471    -8.59073    18.1719    31.5596
21.7815    -9.3417    18.3656    31.6711
21.9328    -8.40502    17.8755    33.236
22.1009    -8.40502    17.8755    33.236
22.2689    -8.40502    17.8755    33.236
22.437    -8.40502    17.8755    33.236
22.4538    -8.01569    17.2403    32.4602
22.4874    -8.43148    15.5081    32.1109
22.5378    -8.43148    15.5081    32.1109
22.6051    -7.191    15.889    33.0758
22.6891    -8.11045    15.5983    33.7374
22.7899    -8.11045    15.5983    33.7374
22.9076    -7.36381    14.9812    33.4511
23.042    -8.21193    14.6125    34.4005
23.1933    -8.21193    14.6125    34.4005
23.3614    -6.65554    15.2214    33.0721
23.5294    -6.65554    15.2214    33.0721
23.5462    -6.17274    13.2892    35.2486
23.5799    -6.40506    12.7706    34.2606
23.6303    -7.21632    12.5944    33.1552
23.6975    -7.21632    12.5944    33.1552
23.7815    -6.59821    12.8922    33.9127
23.8824    -6.0673    12.7627    33.4687
24    -6.0673    12.7627    33.4687
24.1345    -6.9626    12.0031    34.0708
24.2857    -5.92581    11.9201    34.1465
24.4538    -5.92581    11.9201    34.1465
24.6219    -5.92581    11.9201    34.1465
24.7899    -5.92581    11.9201    34.1465
24.8067    -6.06538    12.2145    33.7383
24.8404    -6.04248    12.4793    33.4047
24.8908    -6.04248    12.4793    33.4047
24.958    -5.31133    12.2167    33.7789
25.042    -5.98498    12.3588    33.6791
25.1429    -5.98498    12.3588    33.6791
25.2605    -5.00741    10.9432    32.8604
25.395    -4.91626    11.0128    33.5295
25.5462    -4.91626    11.0128    33.5295
25.7143    -5.29978    11.3091    33.0035
25.8824    -5.29978    11.3091    33.0035
26.0504    -5.29978    11.3091    33.0035
26.0673    -4.35126    10.4129    33.6813
26.1009    -4.35126    10.4129    33.6813
26.1513    -4.84307    9.27525    33.4874
26.2185    -3.35775    10.0045    33.6502
26.3026    -3.35775    10.0045    33.6502
26.4034    -4.10302    8.26711    32.8686
26.521    -3.78323    9.63594    34.0795
26.6555    -3.78323    9.63594    34.0795
26.8068    -3.86884    9.18441    33.8755
26.9748    -3.31668    8.26078    33.2659
27.1429    -3.31668    8.26078    33.2659
27.311    -2.72737    7.77985    33.2158
27.3278    -3.31668    8.26078    33.2659
27.3614    -2.98954    8.45617    33.4943
27.4118    -3.41956    7.90843    33.6715
27.479    -3.41956    7.90843    33.6715
27.5631    -3.4353    8.27795    32.5373
27.6639    -2.57765    7.84216    34.1993
27.7815    -2.57765    7.84216    34.1993
27.916    -2.76862    8.39064    33.8839
28.0673    -2.72737    7.77985    33.2158
28.2353    -2.72737    7.77985    33.2158
28.4034    -2.72737    7.77985    33.2158
28.4202    -3.06065    7.68038    32.5577
28.4538    -2.93752    8.37322    33.3974
28.5042    -2.93752    8.37322    33.3974
28.5715    -3.46079    8.07473    32.6842
28.6555    -3.41913    7.90774    33.7
28.7563    -3.41913    7.90774    33.7
28.874    -2.84794    7.91491    32.3276
29.0084    -2.84026    7.58701    32.9196
29.1597    -2.84026    7.58701    32.9196
29.3278    -3.78177    7.0088    33.0894
29.4958    -3.78177    7.0088    33.0894
29.6639    -3.78177    7.0088    33.0894
29.6807    -3.59348    7.09578    33.0618
29.7143    -3.59348    7.09578    33.0618
29.7647    -3.91447    7.34954    33.1217
29.832    -3.56506    7.09347    33.162
29.916    -3.56506    7.09347    33.162
30.0168    -3.87469    6.56899    32.4007
30.1345    -5.05949    7.52618    33.8681
30.2689    -5.05949    7.52618    33.8681
30.4202    -3.98476    7.18903    33.8508
30.5883    -4.09256    6.72982    33.9598
30.7563    -4.09256    6.72982    33.9598
30.9244    -4.09256    6.72982    33.9598
30.9412    -4.09256    6.72982    33.9598
30.9748    -4.10323    6.94776    33.1996
31.0253    -3.67345    8.21309    32.8198
31.0925    -3.67345    8.21309    32.8198
31.1765    -5.32889    8.35753    33.63
31.2774    -4.21406    8.53031    32.5756
31.395    -4.21406    8.53031    32.5756
31.5295    -4.86217    7.87145    32.5954
31.6807    -4.93115    8.19654    33.2842
31.8488    -4.93115    8.19654    33.2842
32.0168    -4.93115    8.19654    33.2842
32.1849    -4.93115    8.19654    33.2842
32.2017    -6.61608    11.1708    33.1851
32.2353    -6.61608    11.1708    33.1851
32.2858    -6.2902    11.1961    33.3749
32.353    -6.2521    11.7808    33.9594
32.437    -6.2521    11.7808    33.9594
32.5379    -6.4927    12.2362    33.9445
32.6555    -7.17657    12.2583    34.0897
32.79    -7.17657    12.2583    34.0897
32.9412    -7.35719    11.6859    32.9756
33.1093    -6.65916    12.4157    33.5672
33.2774    -6.65916    12.4157    33.5672
33.2942    -6.65916    12.4157    33.5672
33.3278    -7.32865    13.5195    32.6041
33.3782    -7.17311    13.7879    32.1443
33.4454    -7.17311    13.7879    32.1443
33.5295    -8.12153    13.7226    33.4979
33.6303    -7.77926    13.7648    32.9897
33.7479    -7.77926    13.7648    32.9897
33.8824    -8.0761    13.851    32.9116
34.0337    -8.44314    14.2501    31.6713
34.2017    -8.44314    14.2501    31.6713
34.3698    -8.44314    14.2501    31.6713
34.5379    -8.44314    14.2501    31.6713
34.5547    -9.08884    13.9604    31.7534
34.5883    -8.79878    13.5262    33.2496
34.6387    -8.79878    13.5262    33.2496
34.7059    -9.54924    14.8525    31.3256
34.79    -9.46293    14.3562    31.8232
34.8908    -9.46293    14.3562    31.8232
35.0084    -10.3875    14.3105    31.1971
35.1429    -11.2479    14.6213    31.1615
35.2942    -11.1928    14.533    34.8103
35.4622    -10.8938    14.8168    31.3903
35.6303    -10.8938    14.8168    31.3903
35.7984    -13.4426    13.5824    27.7762
35.8152    -10.3171    14.9298    30.3572
35.8488    -10.3241    14.9411    29.8869
35.8992    -10.97    14.9672    29.8759
35.9664    -11.6165    15.1091    29.7908
36.0505    -12.7957    14.2286    29.4514
36.1513    -12.7957    14.2286    29.4514
36.269    -13.2632    13.9273    28.8673
36.4034    -12.4256    15.0946    27.8983
36.5547    -12.4256    15.0946    27.8983
36.7227    -13.4426    13.5824    27.7762
36.8908    -13.4426    13.5824    27.7762
36.9076    -14.8192    15.0467    27.1063
36.9412    -14.8192    15.0467    27.1063
36.9916    -14.4344    14.1318    26.1092
37.0589    -15.287    12.7955    23.4648
37.1429    -15.287    12.7955    23.4648
37.2437    -15.7256    12.9499    22.8986
37.3614    -15.8397    13.1894    22.4068
37.4958    -15.8397    13.1894    22.4068
37.6471    -17.7251    13.4285    20.4481
37.8152    -17.3603    12.732    19.8442
37.9832    -17.3603    12.732    19.8442
38.1513    -17.3603    12.732    19.8442
38.1681    -17.3603    12.732    19.8442
38.2017    -18.9991    11.8818    19.3543
38.2522    -19.3978    11.8007    17.9257
38.3194    -19.3978    11.8007    17.9257
38.4034    -20.0361    11.8152    14.8675
38.5043    -21.5228    11.6762    14.4624
38.6219    -21.5228    11.6762    14.4624
38.7564    -21.1824    11.4778    12.1229
38.9076    -22.2834    10.5946    12.4969
39.0757    -22.2834    10.5946    12.4969
39.2437    -22.2834    10.5946    12.4969
39.2606    -30.7316    4.24134    -6.16949
39.2942    -30.7316    4.24134    -6.16949
39.3446    -31.4511    3.26664    -10.7716
39.4118    -33.1575    -0.272308    -15.0142
39.4958    -33.1575    -0.272308    -15.0142
39.5967    -34.6654    -1.52466    -16.5319
39.7143    -36.4353    -5.34242    -20.4554
39.8488    -36.4353    -5.34242    -20.4554
40    -39.1491    -10.588    -25.0288
40.1681    -40.4617    -13.5783    -31.8417
40.3362    -40.4617    -13.5783    -31.8417
40.5043    -40.4617    -13.5783    -31.8417
40.5211    -40.4617    -13.5783    -31.8417
40.5547    -43.262    -16.1248    -41.9364
40.6051    -45.7588    -13.762    -51.0485
40.6723    -45.7588    -13.762    -51.0485
40.7564    -45.1169    -12.0035    -48.2183
40.8572    -46.5029    -11.5073    -46.5863
40.9748    -46.5029    -11.5073    -46.5863
41.1093    -47.2566    -10.7209    -48.5828
41.2606    -47.2725    -10.1072    -49.7942
41.4286    -47.2725    -10.1072    -49.7942
41.5967    -47.2725    -10.1072    -49.7942
41.7648    -47.2725    -10.1072    -49.7942
41.7816    -48.8916    -10.0779    -50.1057
41.8152    -48.9923    -10.5342    -49.5266
41.8656    -48.9923    -10.5342    -49.5266
41.9328    -50.0037    -11.6465    -48.5048
42.0169    -49.6804    -11.1722    -50.3767
42.1177    -49.6804    -11.1722    -50.3767
42.2353    -49.7488    -11.0488    -49.5975
42.3698    -50.3221    -11.7413    -48.18
42.5211    -50.3221    -11.7413    -48.18
42.6891    -50.6908    -14.3094    -43.4383
42.8572    -50.6908    -14.3094    -43.4383
43.0253    -50.6908    -14.3094    -43.4383
43.0421    -51.335    -15.6561    -42.0916
43.0757    -51.335    -15.6561    -42.0916
43.1261    -50.2786    -15.842    -42.4689
43.1933    -50.088    -17.4083    -41.9152
43.2774    -50.088    -17.4083    -41.9152
43.3782    -50.4472    -19.26    -38.5009
43.4959    -49.3615    -22.6132    -33.4605
43.6303    -49.3615    -22.6132    -33.4605
43.7816    -48.6404    -23.1897    -31.8969
43.9496    -47.3868    -22.9517    -30.9141
44.1177    -47.3868    -22.9517    -30.9141
44.1345    -47.3868    -22.9517    -30.9141
44.1681    -46.9036    -23.4929    -30.8505
44.2185    -47.2207    -23.7045    -30.409
44.2858    -47.2207    -23.7045    -30.409
44.3698    -45.3836    -28.3346    -27.8321
44.4706    -44.0875    -30.7322    -25.1328
44.5883    -44.0875    -30.7322    -25.1328
44.7227    -43.1729    -30.0967    -25.3186
44.874    -43.1634    -30.0113    -26.4883
45.0421    -43.1634    -30.0113    -26.4883
45.2101    -43.1634    -30.0113    -26.4883
45.3782    -43.1634    -30.0113    -26.4883
45.395    -44.2305    -30.1453    -25.8471
45.4286    -44.3793    -29.9082    -25.072
45.479    -44.3793    -29.9082    -25.072
45.5463    -44.2745    -30.7064    -25.0509
45.6303    -44.4421    -30.8407    -25.4207
45.7312    -44.4421    -30.8407    -25.4207
45.8488    -43.4775    -30.4284    -25.7997
45.9832    -44.139    -30.3344    -25.0863
46.1345    -44.139    -30.3344    -25.0863
46.3026    -44.0378    -30.7254    -25.4027
46.4706    -44.0378    -30.7254    -25.4027
46.6387    -44.0378    -30.7254    -25.4027
46.6555    -44.0333    -31.2057    -26.7582
46.6891    -44.0333    -31.2057    -26.7582
46.7396    -43.3416    -30.2292    -25.7596
46.8068    -43.9806    -30.1995    -27.095
46.8908    -43.9806    -30.1995    -27.095
46.9917    -44.4476    -30.6884    -25.8232
47.1093    -43.3993    -30.5387    -25.9382
47.2438    -43.3993    -30.5387    -25.9382
47.395    -43.8572    -30.5113    -25.9747
47.5631    -43.4589    -30.5585    -26.3089
47.7312    -43.4589    -30.5585    -26.3089
47.748    -44.9411    -30.052    -25.7041
47.7816    -43.5989    -30.9304    -25.6898
47.832    -43.5989    -30.9304    -25.6898
47.8992    -43.3187    -30.4882    -25.0694
47.9833    -43.8674    -29.369    -26.0595
48.0841    -43.8674    -29.369    -26.0595
48.2017    -43.5795    -29.9429    -26.4397
48.3362    -44.4853    -29.5523    -26.834
48.4875    -44.4853    -29.5523    -26.834
48.6555    -43.6564    -30.0714    -25.27
48.8236    -43.6564    -30.0714    -25.27
48.9917    -43.6564    -30.0714    -25.27
49.0085    -42.969    -30.5079    -25.9605
49.0421    -42.969    -30.5079    -25.9605
49.0925    -44.1464    -29.8062    -25.7116
49.1597    -43.7214    -29.9963    -26.0277
49.2438    -43.7214    -29.9963    -26.0277
49.3446    -44.3237    -30.628    -24.7688
49.4622    -43.7412    -30.2373    -25.4952
49.5967    -43.7412    -30.2373    -25.4952
49.748    -44.0544    -30.7274    -26.4995
49.916    -45.0515    -29.3809    -26.9469
50.0841    -45.0515    -29.3809    -26.9469
50.2522    -45.0515    -29.3809    -26.9469
50.269    -45.0515    -29.3809    -26.9469
50.3026    -43.6904    -30.6052    -25.5994
50.353    -44.5847    -30.1398    -26.1378
50.4202    -44.5847    -30.1398    -26.1378
50.5043    -43.352    -30.6715    -26.3329
50.6051    -43.5421    -30.5261    -26.4819
50.7228    -43.5421    -30.5261    -26.4819
50.8572    -44.5529    -29.8606    -25.8877
51.0085    -43.8134    -30.3662    -24.8951
51.1765    -43.8134    -30.3662    -24.8951
51.3446    -43.8134    -30.3662    -24.8951
51.5127    -43.8134    -30.3662    -24.8951
51.5295    -44.3786    -30.0382    -26.7635
51.5631    -43.3457    -30.4234    -25.9828
51.6135    -43.3457    -30.4234    -25.9828
51.6807    -43.6128    -30.6286    -25.797
51.7648    -44.0908    -29.6654    -25.6286
51.8656    -44.0908    -29.6654    -25.6286
51.9833    -44.0184    -30.0534    -26.0738
52.1177    -44.2964    -30.7287    -26.4891
