0.0025    -2.74763    1.76628    0.800731    0.32238    -0.0312382    9.79309    -0.232727    -0.0105785    -0.448856
0.005    -2.57888    1.94177    0.996218    0.3367    -0.0567839    9.84136    -0.227438    0.00846279    -0.46546
0.0075    -1.43981    0.713341    1.25035    0.337395    -0.0158382    9.7594    -0.215801    -0.00317354    -0.431145
0.01    -0.321833    0.966826    0.429304    0.337194    -0.0605206    9.77515    -0.225322    0.0148099    -0.458818
0.0125    -1.01793    1.84428    0.292463    0.34702    -0.00648532    9.78752    -0.213686    -0.0126942    -0.483171
0.015    0.353172    2.17576    0.136073    0.342285    0.00866852    9.76804    -0.215801    -0.00105787    -0.449963
0.0175    0.332078    2.05877    -0.0398657    0.308076    -0.0154792    9.74041    -0.230611    0.00740496    -0.461032
0.02    -0.532772    1.53229    0.800731    0.273724    0.0287938    9.74835    -0.224264    0.034909    -0.496454
0.0225    -0.511678    1.98077    0.742084    0.288733    0.0245349    9.7106    -0.231669    0.0433718    -0.423397
0.025    -0.511678    1.98077    0.742084    0.288733    0.0245349    9.7106    -0.231669    0.0433718    -0.423397
0.0275    -1.10231    2.42924    -0.411292    0.235115    0.0255072    9.65841    -0.223206    -0.028562    -0.446642
0.03    -0.0476122    2.44874    0.194719    0.269658    0.0209805    9.63489    -0.220033    0.0105785    -0.453284
0.0325    -0.300739    2.15626    0.0187806    0.264851    -0.0328005    9.6083    -0.233785    0.00211571    -0.464353
0.035    -0.279645    0.498853    0.0187806    0.284858    -0.0122956    9.56496    -0.232727    0.00317354    -0.446642
0.0375    0.0156696    0.635345    -0.0985119    0.299244    -0.0573289    9.59969    -0.210512    -0.0105785    -0.493133
0.04    -0.131988    0.108874    -0.372194    0.269555    -0.0283811    9.63658    -0.215801    0    -0.452177
0.0425    1.23912    0.440356    -0.196256    0.250253    -0.0717675    9.58119    -0.229553    -0.00105787    -0.485384
0.045    -0.448396    -1.37304    0.0969756    0.264881    -0.0523738    9.59949    -0.223206    0.0148099    -0.442215
0.0475    1.02818    -1.43154    -0.157158    0.2159    0.00688722    9.59743    -0.238016    -0.0105785    -0.483171
0.05    1.02818    -1.43154    -0.157158    0.2159    0.00688722    9.59743    -0.238016    -0.0105785    -0.483171
0.0525    -0.680429    -3.03045    0.312012    0.225438    0.0258553    9.63943    -0.223206    0.0243305    -0.461032
0.055    0.838332    -4.08339    0.0383293    0.235243    0.0356365    9.64385    -0.206281    0.013752    -0.466567
0.0575    -0.342927    -3.24494    -0.333097    0.249815    0.0794541    9.67553    -0.229553    -0.0190413    -0.459925
0.06    -1.33434    -3.81041    0.0187806    0.29368    0.0246179    9.70586    -0.228496    -0.00952067    -0.411221
0.0625    0.416454    -3.61542    -0.0789632    0.288656    0.00470464    9.71602    -0.215801    -0.00634712    -0.454391
0.065    -0.448396    -1.97751    0.605243    0.288311    -0.00593874    9.75903    -0.236958    -0.0126942    -0.452177
0.0675    -1.16559    -1.99701    0.136073    0.302805    0.0180485    9.79613    -0.22638    0.00105783    -0.423397
0.07    -0.131988    -1.72402    0.312012    0.302414    -0.0319984    9.83575    -0.232727    0.021157    -0.434466
0.0725    0.163327    -1.72402    0.136073    0.336962    -0.0168663    9.8163    -0.267636    -0.0126942    -0.487598
0.075    0.163327    -1.72402    0.136073    0.336962    -0.0168663    9.8163    -0.267636    -0.0126942    -0.487598
0.0775    -0.785899    -1.60703    0.409756    0.33654    -0.0129582    9.87303    -0.228496    -0.00740496    -0.454391
0.08    0.353172    -0.866071    0.605243    0.32692    -0.00265214    9.84898    -0.228496    0.00528925    -0.454391
0.0825    -0.406209    -0.456594    -0.0985119    0.311787    0.0111364    9.90536    -0.236958    -0.00317354    -0.468781
0.085    -1.08121    -0.866071    0.605243    0.331619    -0.0178917    9.87319    -0.22638    -0.0158678    -0.45107
0.0875    -0.0898    0.18687    1.2308    0.351194    -0.0327966    9.87845    -0.213686    -0.00634712    -0.47985
0.09    0.100045    0.108874    0.448853    0.35646    0.0171619    9.84358    -0.228496    0.0148099    -0.480957
0.0925    0.226609    -0.281104    0.487951    0.34668    -0.0318515    9.82629    -0.233785    0.0190413    -0.473208
0.095    -0.596054    -0.651583    0.546597    0.336638    -0.0176374    9.85897    -0.214744    -0.00952067    -0.45107
0.0975    -0.638242    -0.437095    0.116524    0.346567    -0.0517675    9.83645    -0.220033    0.00105783    -0.462139
0.1    -0.638242    -0.437095    0.116524    0.346567    -0.0517675    9.83645    -0.220033    0.00105783    -0.462139
0.1025    -0.617148    -0.378598    0.331561    0.366168    -0.00275951    9.85374    -0.215801    -0.0105785    -0.482064
0.105    0.648487    -0.671082    1.11351    0.326961    0.0170925    9.8483    -0.224264    0.028562    -0.448856
0.1075    -0.279645    -1.89951    0.194719    0.331465    0.0112112    9.90063    -0.221091    0.0148099    -0.463246
0.11    1.91412    -1.27555    -0.372194    0.302028    0.0407587    9.90434    -0.22638    -0.0264462    -0.492026
0.1125    0.77505    -1.43154    -0.000768172    0.370182    0.0491366    9.98465    -0.218975    -0.00423142    -0.45107
0.115    2.54694    -0.456594    0.0774268    0.341204    -0.0626652    9.89369    -0.232727    -0.00423142    -0.463246
0.1175    2.14615    -0.222607    0.0187806    0.331547    -0.0868265    9.86607    -0.222149    -0.0200992    -0.474315
0.12    1.49224    -0.0471168    -0.430841    0.326313    -0.0875949    9.90874    -0.225322    0.00317354    -0.46546
0.1225    0.28989    0.518351    -0.391743    0.351066    -0.042926    9.89302    -0.221091    -0.00952067    -0.510844
0.125    0.0367635    0.0503777    -0.118061    0.351488    -0.046834    9.83629    -0.240132    -0.00740496    -0.513057
0.1275    -0.0265182    0.479354    0.0969756    0.34649    -0.00283433    9.85847    -0.246479    0.00528925    -0.462139
0.13    -0.0898    0.459855    0.0578781    0.327023    -0.022054    9.83068    -0.244363    -0.0179835    -0.458818
0.1325    0.0789513    1.88327    0.839828    0.263295    -0.0561435    9.80812    -0.249653    0.00634708    -0.483171
0.135    0.310984    2.48774    0.155622    0.25787    -0.0278947    9.88296    -0.230611    0.00952063    -0.475422
0.1375    0.310984    2.48774    0.155622    0.25787    -0.0278947    9.88296    -0.230611    0.00952063    -0.475422
0.14    -0.617148    2.64373    0.155622    0.228938    -0.0659112    9.80369    -0.239074    -0.00211571    -0.474315
0.1425    0.606299    2.31225    0.0969756    0.243509    -0.0564754    9.82707    -0.234843    0.00211571    -0.482064
0.145    -1.22887    -1.70452    -0.176707    0.210392    0.0644103    9.69023    -0.230611    0.00317354    -0.47985
0.1475    1.13365    -2.25049    0.351109    0.205178    0.0391325    9.72426    -0.217917    0.0158678    -0.432252
0.15    0.0789513    -2.48448    -0.176707    0.166245    0.0350748    9.67699    -0.246479    0.00105783    -0.420076
0.1525    0.585205    -2.2115    -0.763169    0.190395    0.0488416    9.73339    -0.243306    -0.00211571    -0.449963
0.155    1.95631    -1.74352    -0.939108    0.229813    0.0786081    9.72293    -0.252826    0.00740496    -0.424504
0.1575    0.500829    -1.82152    -0.919559    0.224429    0.0234564    9.77219    -0.231669    -0.013752    -0.424504
0.16    1.17583    -2.1725    -0.274451    0.194739    0.0180225    9.80079    -0.213686    0    -0.443321
0.1625    1.38677    -1.97751    -0.469938    0.234198    0.0331519    9.78135    -0.227438    -0.00952067    -0.473208
0.165    -0.785899    -2.60147    -0.430841    0.258925    0.0482895    9.76189    -0.220033    -0.00952067    -0.454391
0.1675    -0.216363    -2.28949    -0.157158    0.347072    0.0525772    9.79497    -0.235901    -0.0190413    -0.495347
0.17    -1.31325    -2.192    0.409756    0.376194    0.0271947    9.83377    -0.220033    0.00317354    -0.437787
0.1725    0.100045    -1.86052    0.175171    0.366173    0.0168995    9.85781    -0.227438    0.00740496    -0.440001
0.175    -0.511678    -1.37304    -0.137609    0.341698    0.00236157    9.84408    -0.232727    -0.0116364    -0.461032
0.1775    -0.0476122    -0.00811903    -0.157158    0.356151    0.00660416    9.88185    -0.242248    -0.0222149    -0.490919
0.18    -1.77731    -0.729579    -0.0789632    0.341456    -0.0276837    9.8688    -0.230611    -0.00846279    -0.459925
0.1825    -2.22028    0.0308788    0.155622    0.361165    -0.0128004    9.86356    -0.24119    -0.00528925    -0.47985
0.185    -1.41872    1.08382    0.0187806    0.351302    -0.0325396    9.86423    -0.234843    -0.00634712    -0.448856
0.1875    0.28989    0.986325    0.351109    0.370769    -0.0820834    9.87542    -0.22638    -0.00211571    -0.441108
0.19    0.28989    0.986325    0.351109    0.370769    -0.0820834    9.87542    -0.22638    -0.00211571    -0.441108
0.1925    -0.849181    0.284365    0.781182    0.331831    -0.1058    9.82408    -0.230611    0.00211571    -0.461032
0.195    -0.0898    0.342861    0.155622    0.371109    -0.0910989    9.82834    -0.218975    -0.00423142    -0.487598
0.1975    -0.237457    -0.788075    0.272914    0.361283    -0.0763707    9.83257    -0.22638    -0.00317354    -0.446642
0.2    -0.427302    0.225868    1.52403    0.366353    -0.0170539    9.8258    -0.22638    0.0169256    -0.416755
0.2025    -1.79841    -0.320102    0.878926    0.35174    -0.0118526    9.8114    -0.220033    -0.00211571    -0.420076
0.205    -0.364021    -0.281104    0.429304    0.282685    -0.0567541    9.84132    -0.245421    0.00211571    -0.442215
0.2075    -0.00542434    0.147872    -0.411292    0.321763    -0.0523537    9.86963    -0.232727    -0.00423142    -0.459925
0.21    0.247703    0.245367    -0.548133    0.321809    -0.0817136    9.85642    -0.222149    0.00952063    -0.458818
0.2125    -1.4609    -0.320102    -0.215804    0.307278    -0.037023    9.84066    -0.224264    0.021157    -0.432252
0.215    -1.01793    0.498853    -0.626328    0.336957    -0.0365252    9.81223    -0.233785    0.00952063    -0.47985
0.2175    1.13365    1.27881    -0.0789632    0.317439    -0.0116623    9.80189    -0.212628    -0.00846279    -0.446642
0.22    -0.00542434    1.16182    -0.254902    0.312899    -0.00586661    9.7543    -0.231669    0.00211571    -0.455498
0.2225    0.543017    0.791336    -0.118061    0.273858    0.0242004    9.72956    -0.224264    0.00528925    -0.452177
0.225    0.648487    1.3568    -0.0594144    0.259301    0.00497795    9.70177    -0.216859    0.013752    -0.456605
0.2275    0.859426    0.771837    -0.645877    0.234631    -0.000201692    9.71615    -0.217917    0.00846279    -0.480957
0.23    0.859426    0.771837    -0.645877    0.234631    -0.000201692    9.71615    -0.217917    0.00846279    -0.480957
0.2325    -0.00542434    -1.21705    -0.450389    0.274337    -0.0041314    9.65945    -0.246479    0.00317354    -0.476529
0.235    1.68209    -0.749078    -0.782718    0.269231    0.00522955    9.68756    -0.225322    0.00423138    -0.476529
0.2375    0.796144    -1.19755    -0.313548    0.23494    -0.0240257    9.66958    -0.222149    0.00740496    -0.452177
0.24    1.38677    -0.554088    -0.215804    0.258967    -0.035111    9.73631    -0.214744    -0.028562    -0.483171
0.2425    1.74537    -1.27555    -0.0985119    0.253933    -0.0255787    9.75494    -0.247537    0.00846279    -0.469888
0.245    -0.638242    -2.54298    0.292463    0.278681    0.0338129    9.74345    -0.235901    0.00105783    -0.478743
0.2475    -0.912462    -1.84102    0.0578781    0.268958    0.0291392    9.72938    -0.225322    0.00105783    -0.432252
0.25    -1.10231    -2.54298    0.468402    0.297885    0.013115    9.79629    -0.227438    0.00211571    -0.47985
0.2525    0.100045    -2.46498    0.351109    0.27342    0.037895    9.79069    -0.231669    0    -0.46546
0.255    0.100045    -2.46498    0.351109    0.27342    0.037895    9.79069    -0.231669    0    -0.46546
0.2575    -1.60856    -1.62653    0.800731    0.283117    0.0130375    9.80102    -0.230611    0.0105785    -0.454391
0.26    -2.32575    -1.06106    1.05486    0.302893    0.00843319    9.78224    -0.246479    0.00423138    -0.461032
0.2625    -0.722617    -0.846572    1.40674    0.327394    -0.0162611    9.7831    -0.236958    0.00634708    -0.455498
0.265    -1.88278    -1.29505    0.957121    0.297854    -0.0360751    9.7885    -0.217917    0.0116363    -0.462139
0.2675    -0.701523    -0.300603    0.859377    0.332448    0.0184606    9.77244    -0.218975    0.00634708    -0.454391
0.27    -1.52419    -0.827073    0.566146    0.361927    0.0430394    9.77636    -0.212628    0.00634708    -0.475422
0.2725    0.28989    -1.00256    0.272914    0.356923    -0.00138327    9.77787    -0.233785    0.00105783    -0.469888
0.275    -0.490584    -1.52903    0.214268    0.351828    -0.0214679    9.79751    -0.213686    -0.00528925    -0.470994
0.2775    -0.258551    -1.33404    0.507499    0.346994    -0.00163486    9.79209    -0.227438    -0.00528925    -0.459925
0.28    -0.258551    -1.33404    0.507499    0.346994    -0.00163486    9.79209    -0.227438    -0.00528925    -0.459925
0.2825    -0.385115    -1.21705    -0.391743    0.351617    -0.00232298    9.83003    -0.220033    -0.00528925    -0.488705
0.285    0.796144    -0.261605    -0.724072    0.336844    -0.0220595    9.83069    -0.233785    -0.00211571    -0.492026
0.2875    -1.16559    -1.91901    -0.215804    0.326781    0.0166641    9.87201    -0.225322    0.00740496    -0.461032
0.29    -0.638242    -1.60703    -0.0398657    0.366126    0.0118776    9.86272    -0.228496    0.0169256    -0.487598
0.2925    -0.680429    -1.37304    -0.0203169    0.361329    -0.00258545    9.84426    -0.230611    -0.0105785    -0.453284
0.295    0.163327    -1.43154    0.0383293    0.366451    -0.0561148    9.80345    -0.232727    -0.00952067    -0.447749
0.2975    -0.743711    -1.10006    0.0774268    0.386175    -0.0166364    9.80211    -0.22638    -0.00317354    -0.444428
0.3    -0.680429    -1.11956    0.194719    0.371094    -0.0125488    9.84934    -0.217917    -0.0169256    -0.423397
0.3025    -0.912462    -1.25605    0.585694    0.376045    0.00719304    9.84867    -0.217917    -0.0126942    -0.461032
0.305    -0.237457    -0.866071    0.214268    0.390741    0.00709923    9.85342    -0.222149    0.00423138    -0.492026
0.3075    0.753956    -1.74352    0.429304    0.336489    0.0311244    9.89047    -0.243306    -0.0158678    -0.46546
0.31    1.23912    -0.729579    -0.0985119    0.370661    0.0208048    9.91454    -0.229553    -0.00846279    -0.470994
0.3125    -0.975744    -0.437095    0.0578781    0.356084    0.0260918    9.8954    -0.218975    0.00105783    -0.456605
0.315    -1.39762    -0.359099    -0.0594144    0.326534    0.00134159    9.90096    -0.234843    -0.00528925    -0.47985
0.3175    -1.39762    -0.359099    -0.0594144    0.326534    0.00134159    9.90096    -0.234843    -0.00528925    -0.47985
0.32    0.0578574    1.18131    -0.626328    0.341698    0.00236157    9.84408    -0.240132    0.00317354    -0.487598
0.3225    0.690675    0.869332    -0.313548    0.351864    0.0473812    9.80937    -0.232727    0.0190413    -0.483171
0.325    0.521923    1.68829    -0.958657    0.351529    0.00729228    9.84391    -0.238016    -0.0158678    -0.472101
0.3275    0.648487    1.4543    0.0578781    0.327075    0.00262674    9.82984    -0.232727    -0.00740496    -0.488705
0.33    -0.0687061    1.68829    0.292463    0.332335    -0.00145538    9.7826    -0.238016    0.0158678    -0.467674
0.3325    0.690675    0.440356    -0.0789632    0.327394    -0.0162611    9.7831    -0.222149    -0.028562    -0.47985
0.335    0.543017    0.284365    -0.352646    0.33215    -0.0215427    9.80224    -0.204165    0.00634708    -0.456605
0.3375    0.0789513    -0.924568    -0.137609    0.278351    -0.0209988    9.77375    -0.243306    0.0264462    -0.474315
0.34    -0.427302    -0.378598    0.0187806    0.27375    -0.0448201    9.72718    -0.224264    0.0296198    -0.493133
0.3425    -0.427302    -0.378598    0.0187806    0.27375    -0.0448201    9.72718    -0.224264    0.0296198    -0.493133
0.345    0.28989    -0.105614    0.468402    0.283292    -0.00619305    9.77325    -0.227438    0    -0.455498
0.3475    1.00708    -0.0666157    0.527048    0.249089    -0.0106818    9.74969    -0.22638    0.00317354    -0.472101
0.35    -1.1445    -0.593086    0.800731    0.234481    -0.0202033    9.73105    -0.233785    0    -0.455498
0.3525    -0.46949    -1.08056    0.781182    0.244297    -0.00548595    9.73529    -0.220033    0    -0.452177
0.355    -0.237457    -1.50953    0.468402    0.258725    0.00360714    9.77764    -0.200991    0.0126942    -0.449963
0.3575    0.479735    -0.378598    0.546597    0.268355    -0.00176284    9.80152    -0.203107    -0.00846279    -0.474315
0.36    -0.806993    -0.593086    0.683438    0.263445    -0.00176013    9.80152    -0.208396    0.00528925    -0.442215
0.3625    -0.659335    -0.183609    0.409756    0.278171    0.0129545    9.80576    -0.208396    0.00846279    -0.456605
0.365    -0.258551    -1.25605    0.0774268    0.273291    -0.006616    9.79695    -0.243306    0.00634708    -0.478743
0.3675    0.0578574    -0.476093    -0.0398657    0.307762    -0.0113141    9.78292    -0.239074    0.00317354    -0.455498
0.37    0.648487    -0.0471168    -0.000768172    0.287776    -0.0219467    9.82592    -0.24119    -0.0148099    -0.456605
0.3725    0.648487    -0.0471168    -0.000768172    0.287776    -0.0219467    9.82592    -0.24119    -0.0148099    -0.456605
0.375    1.38677    -0.476093    -0.0789632    0.352183    -0.0058883    9.75433    -0.224264    0.00317354    -0.441108
0.3775    -0.300739    -0.573587    0.116524    0.342249    0.00858285    9.77279    -0.238016    0.00211571    -0.463246
0.38    1.26021    -0.437095    0.370658    0.352018    0.0182784    9.78194    -0.227438    -0.0169256    -0.50863
0.3825    -0.258551    -1.78252    -0.684974    0.371222    -0.00241951    9.83478    -0.225322    -0.00528925    -0.469888
0.385    -1.10231    -2.28949    -0.724072    0.38599    -0.00234197    9.83005    -0.214744    -0.00105787    -0.432252
0.3875    -1.20778    -1.60703    -0.606779    0.380667    0.00650492    9.88661    -0.21157    -0.0116364    -0.483171
0.39    -0.342927    -0.690581    -0.645877    0.390411    -0.0133308    9.89203    -0.216859    0.0200991    -0.452177
0.3925    -1.60856    -1.89951    -0.900011    0.39054    -0.00320144    9.87747    -0.206281    0.0158678    -0.43668
0.395    -0.174176    -0.0666157    -1.07595    0.375463    -0.0138367    9.92047    -0.223206    0.0200991    -0.444428
0.3975    -0.174176    -0.0666157    -1.07595    0.375463    -0.0138367    9.92047    -0.223206    0.0200991    -0.444428
0.4    -1.8195    -0.281104    -0.606779    0.400299    0.00155794    9.88679    -0.239074    -0.013752    -0.459925
0.4025    0.690675    -0.183609    -0.626328    0.375644    -0.0134083    9.89676    -0.231669    0.013752    -0.472101
0.405    -0.46949    -0.105614    -0.293999    0.419848    0.0258852    9.90492    -0.220033    -0.0148099    -0.46546
0.4075    0.416454    1.98077    -0.626328    0.414932    0.00622892    9.90086    -0.213686    -0.0275041    -0.455498
0.41    -0.342927    1.84428    -1.0564    0.410027    -0.00849113    9.89662    -0.212628    -0.0126942    -0.444428
0.4125    -0.596054    1.70778    -0.391743    0.400273    0.0064084    9.89136    -0.225322    0.0126942    -0.489812
0.415    -0.237457    0.966826    -0.469938    0.395409    0.011433    9.88645    -0.214744    0.0116363    -0.438894
0.4175    1.42896    2.58524    -0.860913    0.380786    0.0116981    9.87221    -0.210512    0.00423138    -0.447749
0.42    -1.52419    1.3763    -0.0594144    0.341291    0.0308647    9.9047    -0.217917    -0.0148099    -0.448856
0.4225    -1.52419    1.3763    -0.0594144    0.341291    0.0308647    9.9047    -0.217917    -0.0148099    -0.448856
0.425    -0.553866    1.55179    -0.587231    0.312194    0.017015    9.85303    -0.233785    -0.00740496    -0.464353
0.4275    0.458642    1.84428    0.605243    0.322097    0.022117    9.84339    -0.223206    0.00211571    -0.442215
0.43    0.310984    -0.671082    0.136073    0.244163    0.0334892    9.76239    -0.214744    0.00740496    -0.463246
0.4325    -1.20778    -1.11956    0.370658    0.293201    0.0529497    9.77597    -0.21157    0.00634708    -0.466567
0.435    0.77505    -0.593086    0.331561    0.239459    0.0634516    9.7424    -0.222149    -0.00211571    -0.457711
0.4375    -0.279645    -1.29505    0.312012    0.210089    0.00474803    9.71596    -0.225322    -0.00528925    -0.464353
0.44    -0.0476122    -1.50953    0.390207    0.195347    0.0342017    9.72442    -0.225322    0.0148099    -0.431145
0.4425    -0.891368    -0.788075    0.312012    0.254113    -0.0251503    9.73123    -0.234843    -0.00105787    -0.446642
0.445    0.690675    0.0113799    0.116524    0.298225    -0.0302822    9.74091    -0.235901    -0.0158678    -0.444428
0.4475    -0.57496    -0.963565    -0.645877    0.288404    -0.0646585    9.73261    -0.251768    0.0116363    -0.431145
0.45    0.0156696    -0.671082    -0.352646    0.357469    -0.0492026    9.69422    -0.224264    0.00528925    -0.447749
0.4525    0.0156696    -0.671082    -0.352646    0.357469    -0.0492026    9.69422    -0.224264    0.00528925    -0.447749
0.455    -0.279645    -1.27555    -0.313548    0.35224    -0.030312    9.74095    -0.223206    0.00423138    -0.431145
0.4575    -0.385115    -1.35354    -0.372194    0.342573    -0.0250278    9.72181    -0.235901    -0.00634712    -0.445535
0.46    -1.41872    -1.04156    -0.352646    0.376473    -0.0802012    9.77111    -0.231669    0.00105783    -0.455498
0.4625    -1.73512    -2.23099    -0.235353    0.377019    -0.0592571    9.70405    -0.217917    -0.00105787    -0.456605
0.465    -0.806993    -1.88001    -0.469938    0.361932    -0.0404468    9.75552    -0.227438    -0.00211571    -0.480957
0.4675    0.669581    -1.74352    -0.841364    0.341796    -0.0366993    9.82172    -0.215801    -0.013752    -0.42229
0.47    -0.448396    -2.50398    -0.724072    0.336962    -0.0168663    9.8163    -0.228496    0.00634708    -0.445535
0.4725    -0.933556    -2.01651    -0.684974    0.32693    -0.0320977    9.84051    -0.220033    0.0243305    -0.466567
0.475    -1.8195    -1.62653    -1.0564    0.312302    -0.0171098    9.83051    -0.227438    -0.00211571    -0.449963
0.4775    -1.8195    -1.62653    -1.0564    0.312302    -0.0171098    9.83051    -0.227438    -0.00211571    -0.449963
0.48    -1.75622    -1.41204    -0.939108    0.36643    -0.0316053    9.81209    -0.217917    0.00740496    -0.445535
0.4825    -2.93748    -1.10006    -0.978206    0.366281    -0.0859887    9.81868    -0.229553    -0.0105785    -0.437787
0.485    -1.52419    -0.105614    -1.33008    0.38111    -0.125058    9.79634    -0.228496    0.00105783    -0.468781
0.4875    -2.34685    -0.88557    -1.0173    0.390957    -0.0955319    9.80007    -0.212628    0.00740496    -0.433359
0.49    -1.69294    -1.70452    -0.489487    0.366199    -0.0910962    9.82834    -0.221091    -0.00317354    -0.461032
0.4925    -0.19527    0.245367    -0.352646    0.323014    -0.123055    9.68724    -0.231669    -0.0158678    -0.435573
0.495    0.205515    -1.35354    0.566146    0.254072    -0.0105132    9.74021    -0.216859    -0.00105787    -0.473208
0.4975    -0.553866    -1.78252    0.468402    0.269004    -0.000220674    9.71617    -0.235901    -0.0158678    -0.454391
0.5    0.310984    -1.66553    0.898474    0.278696    -0.0103554    9.73074    -0.215801    -0.0148099    -0.458818
0.5025    0.437548    -2.153    0.702987    0.283318    -0.0110435    9.76868    -0.216859    -0.0126942    -0.469888
0.505    -0.427302    -3.55692    0.214268    0.322967    -0.0249313    9.71706    -0.213686    0.00105783    -0.468781
0.5075    -0.0687061    -2.58197    0.155622    0.307901    -0.0306304    9.75989    -0.222149    0.0179835    -0.485384
0.51    0.690675    -2.26999    0.781182    0.302538    -0.0759098    9.80882    -0.227438    0.0232727    -0.485384
0.5125    0.0789513    -2.44548    0.996218    0.336988    -0.0904802    9.79513    -0.232727    0.00952063    -0.45107
0.515    -1.31325    -3.08895    1.38719    0.386299    -0.0605477    9.77518    -0.223206    0.00634708    -0.496454
0.5175    -3.04295    -3.53742    0.996218    0.365936    -0.0622504    9.87    -0.195702    -0.00846279    -0.459925
0.52    -0.891368    -2.81596    0.878926    0.356089    -0.0573945    9.87456    -0.207339    0    -0.484278
0.5225    -1.482    -3.18644    0.663889    0.366204    -0.0370556    9.8407    -0.232727    0.0116363    -0.440001
0.525    -1.56637    -2.54298    0.468402    0.409795    -0.0336003    9.92117    -0.234843    -0.00105787    -0.446642
0.5275    -1.92497    -2.1725    0.487951    0.375087    -0.00490683    9.97229    -0.235901    0.00634708    -0.452177
0.53    -0.870275    -2.0945    1.2699    0.379931    -0.0198037    9.97754    -0.21157    0.00952063    -0.474315
0.5325    -1.24996    -2.40648    0.644341    0.404663    -0.0193889    9.95385    -0.217917    -0.00846279    -0.462139
0.535    -1.482    -1.27555    0.409756    0.375463    0.020545    9.92877    -0.233785    -0.0148099    -0.434466
0.5375    -0.95465    -0.495592    -0.313548    0.385356    -0.0136708    9.91099    -0.22638    -0.00740496    -0.433359
0.54    -0.95465    -0.495592    -0.313548    0.385356    -0.0136708    9.91099    -0.22638    -0.00740496    -0.433359
0.5425    -0.806993    -1.45104    -0.215804    0.385217    -0.0287363    9.92572    -0.231669    0.042314    -0.443321
0.545    -0.0265182    0.0503777    0.136073    0.385598    -0.0180072    9.87797    -0.229553    0.0190413    -0.453284
0.5475    -1.29215    -1.37304    -0.137609    0.356043    0.00634713    9.89607    -0.230611    0.0200991    -0.474315
0.55    -0.406209    -0.593086    -0.763169    0.346366    0.00669527    9.8771    -0.225322    0.0179835    -0.464353
0.5525    -0.617148    -0.3396    -0.860913    0.341672    0.00721203    9.84865    -0.22638    -0.00423142    -0.455498
0.555    -0.46949    -1.82152    -0.939108    0.360928    -0.0231868    9.89235    -0.234843    0.0158678    -0.466567
0.5575    -0.95465    -1.50953    -0.763169    0.35139    -0.00777318    9.85864    -0.218975    -0.0116364    -0.458818
0.56    -0.617148    -1.58753    -0.352646    0.375767    0.0458255    9.89474    -0.230611    0.013752    -0.440001
0.5625    -0.0687061    -2.58197    -0.469938    0.326997    0.0171782    9.84356    -0.223206    0.0232727    -0.483171
0.565    -0.0687061    -2.58197    -0.469938    0.326997    0.0171782    9.84356    -0.223206    0.0232727    -0.483171
0.5675    0.205515    -1.99701    -0.919559    0.356362    0.021841    9.85763    -0.231669    0.0232727    -0.437787
0.57    0.796144    -1.33404    -1.0173    0.361298    0.0169878    9.85307    -0.253884    -0.0222149    -0.431145
0.5725    0.332078    -1.13906    -0.411292    0.356362    -0.0125407    9.84933    -0.243306    0.013752    -0.462139
0.575    -0.0898    -1.06106    -1.36918    0.385737    -0.0029417    9.86324    -0.223206    0.00423138    -0.483171
0.5775    -1.60856    -2.2115    -0.743621    0.410243    -0.00797707    9.86817    -0.227438    -0.00317354    -0.472101
0.58    1.55552    0.342861    -0.235353    0.454077    -0.04324    9.90731    -0.225322    0    -0.433359
0.5825    -0.427302    -0.378598    0.0969756    0.488605    -0.0379801    9.8882    -0.216859    0.0158678    -0.438894
0.585    -0.596054    1.18131    0.194719    0.463816    -0.0827346    9.90867    -0.222149    -0.00105787    -0.472101
0.5875    -0.701523    1.33731    1.01577    0.454062    -0.0334533    9.91172    -0.223206    0.00846279    -0.433359
0.59    -0.701523    1.33731    1.01577    0.454062    -0.0334533    9.91172    -0.223206    0.00846279    -0.433359
0.5925    -0.321833    1.04482    0.448853    0.424712    -0.0479028    9.89324    -0.229553    0.0116363    -0.458818
0.595    -1.1234    0.342861    1.19171    0.41518    -0.0128303    9.8636    -0.233785    -0.00634712    -0.443321
0.5975    -0.258551    1.74678    1.09396    0.361257    0.0316249    9.86204    -0.216859    -0.00952067    -0.462139
0.6    0.353172    1.72728    1.07441    0.341868    -0.00214621    9.82054    -0.230611    0.00846279    -0.46546
0.6025    -0.532772    1.04482    0.859377    0.356728    0.00797497    9.80599    -0.217917    0.00634708    -0.497561
0.605    0.353172    1.29831    0.722536    0.332876    -0.000170236    9.71148    -0.228496    -0.00952067    -0.487598
0.6075    0.796144    1.84428    0.918023    0.327945    -0.0100398    9.71181    -0.218975    0.013752    -0.456605
0.61    0.564111    0.420857    0.546597    0.328166    -0.0242486    9.67913    -0.212628    0.0169256    -0.453284
0.6125    0.796144    1.3568    0.272914    0.318078    -0.049438    9.70841    -0.231669    0.00634708    -0.456605
0.615    1.82975    1.12282    0.409756    0.347329    -0.0646911    9.73265    -0.223206    0.00952063    -0.469888
0.6175    0.0156696    -0.612585    -0.391743    0.313358    -0.00968899    9.69283    -0.215801    -0.0158678    -0.426718
0.62    2.42037    0.479354    -0.0985119    0.327976    -0.0296131    9.703    -0.222149    0.013752    -0.462139
0.6225    1.51334    -0.71008    -0.391743    0.27411    0.0248001    9.69637    -0.236958    0.00105783    -0.442215
0.625    0.416454    -0.749078    -0.254902    0.298812    0.0104064    9.67318    -0.225322    -0.0158678    -0.478743
0.6275    1.26021    -1.37304    0.214268    0.288996    0.0300708    9.67724    -0.224264    -0.00952067    -0.459925
0.63    0.521923    -1.35354    -0.528584    0.288919    0.0102405    9.68266    -0.218975    0.00952063    -0.453284
0.6325    0.0789513    -0.749078    -0.333097    0.308447    -0.00968628    9.69283    -0.229553    0.0105785    -0.431145
0.635    0.458642    -2.28949    -0.880462    0.27899    0.00998892    9.69688    -0.222149    -0.00952067    -0.453284
0.6375    0.458642    -2.28949    -0.880462    0.27899    0.00998892    9.69688    -0.222149    -0.00952067    -0.453284
0.64    0.142233    -1.76302    -0.469938    0.313404    0.0297146    9.69623    -0.249653    -0.0105785    -0.478743
0.6425    -0.216363    -1.27555    -0.411292    0.337379    0.0283302    9.77211    -0.214744    -0.00846279    -0.449963
0.645    -2.09372    -1.58753    -0.235353    0.342661    -0.00026135    9.71623    -0.230611    -0.00105787    -0.43668
0.6475    1.15474    -1.58753    -0.489487    0.362169    0.00432127    9.73504    -0.22638    -0.00846279    -0.474315
0.65    -1.35543    -1.33404    -0.430841    0.366574    0.00311909    9.80142    -0.22638    -0.00105787    -0.444428
0.6525    -0.806993    -0.71008    0.214268    0.381532    -0.0258206    9.76451    -0.233785    -0.0116364    -0.463246
0.655    -0.743711    -0.3396    -0.313548    0.381095    -0.0121259    9.82564    -0.224264    0.00211571    -0.456605
0.6575    -2.157    -0.378598    -0.567682    0.381538    -0.00616161    9.76858    -0.238016    -0.00846279    -0.428932
0.66    -1.88278    -0.495592    0.253366    0.371341    -0.031608    9.81209    -0.22638    0    -0.462139
0.6625    -1.88278    -0.495592    0.253366    0.371341    -0.031608    9.81209    -0.22638    0    -0.462139
0.665    -0.0687061    0.771837    -0.430841    0.351405    -0.0175598    9.85424    -0.24119    0.00423138    -0.474315
0.6675    -0.300739    0.693842    -0.254902    0.351807    0.00304155    9.80615    -0.232727    0.00105783    -0.433359
0.67    -0.785899    1.18131    -0.254902    0.356784    -0.0164488    9.79261    -0.217917    0.00634708    -0.447749
0.6725    -0.279645    1.06432    -0.0985119    0.376437    -0.0115234    9.79245    -0.233785    0.013752    -0.416755
0.675    0.121139    1.14232    -0.196256    0.371428    -0.0068416    9.8065    -0.229553    -0.00634712    -0.453284
0.6775    0.732862    -0.515091    0.370658    0.38109    -0.0317848    9.82158    -0.227438    -0.00105787    -0.42229
0.68    -0.659335    -1.72402    0.390207    0.381059    -0.0122116    9.83039    -0.234843    -0.00952067    -0.487598
0.6825    -0.342927    -2.01651    0.233817    0.346691    0.00746635    9.83443    -0.235901    -0.00105787    -0.462139
0.685    0.458642    -2.95245    0.0969756    0.346464    0.00201616    9.86304    -0.220033    -0.00528925    -0.441108
0.6875    2.12506    -2.25049    0.663889    0.311849    0.00637154    9.89604    -0.221091    -0.00105787    -0.466567
0.69    0.0156696    -1.64603    0.331561    0.356172    0.0164765    9.88151    -0.238016    0.00740496    -0.454391
0.6925    -0.596054    -2.2115    0.253366    0.365977    -0.00812401    9.87762    -0.234843    0.013752    -0.46546
0.695    -1.1234    -2.0555    0.0774268    0.380642    -0.0230263    9.88288    -0.215801    0.021157    -0.45107
0.6975    1.04927    -0.593086    -0.0203169    0.424712    -0.0135211    9.90154    -0.218975    0.00423138    -0.437787
